487,3
487,2
487,1
487,0
486,3
486,2
486,1
486,0
0,278
0,9
3,2
3,1
3,3
10,196
10,181
10,122
10,65
10,258
10,89
10,151
10,1
10,272
10,2
10,3
11,17
11,19
11,10
11,26
11,13
11,1
11,18
11,2
11,3
9,7
9,4
9,1
9,6
9,2
9,3
8,16
8,17
8,6
8,1
8,4
8,2
8,3
12,2
12,1
12,3
20,2
20,1
20,3
19,2
19,1
19,3
18,1
18,3
14,1
14,3
13,1
13,3
2,2
2,1
2,3
484,3
484,2
484,1
484,0
0,0
485,34
485,33
485,32
485,31
485,30
485,29
485,28
485,27
485,26
485,25
485,24
485,23
485,22
485,21
485,20
485,19
485,18
485,17
485,16
485,15
485,14
485,13
485,12
485,11
485,10
485,9
485,8
485,7
485,6
485,5
485,4
485,3
